30
[5, 6, 13, 16, 20]
[[0.0, 414.0, 1426.0, 315.0, 528.0, 522.0, 1169.0, 2066.0, 280.0, 899.0, 1035.0, 297.0, 585.0, 549.0, 435.0, 197.0, 558.0, 176.0, 394.0, 454.0, 335.0, 214.0, 41.0, 1242.0, 482.0, 99.0, 1286.0, 1006.0, 162.0, 1236.0], [414.0, 0.0, 1833.0, 167.0, 852.0, 784.0, 1574.0, 2454.0, 288.0, 1275.0, 1425.0, 117.0, 946.0, 145.0, 115.0, 251.0, 759.0, 509.0, 645.0, 811.0, 717.0, 623.0, 419.0, 1634.0, 725.0, 508.0, 1681.0, 1416.0, 576.0, 1622.0], [1426.0, 1833.0, 0.0, 1738.0, 1269.0, 1412.0, 613.0, 704.0, 1670.0, 950.0, 813.0, 1719.0, 1138.0, 1973.0, 1860.0, 1587.0, 1528.0, 1403.0, 1449.0, 1211.0, 1122.0, 1240.0, 1415.0, 280.0, 1453.0, 1343.0, 734.0, 594.0, 1272.0, 339.0], [315.0, 167.0, 1738.0, 0.0, 692.0, 618.0, 1438.0, 2381.0, 121.0, 1124.0, 1279.0, 120.0, 792.0, 258.0, 180.0, 232.0, 592.0, 364.0, 480.0, 659.0, 647.0, 503.0, 335.0, 1557.0, 559.0, 395.0, 1537.0, 1288.0, 466.0, 1551.0], [528.0, 852.0, 1269.0, 692.0, 0.0, 143.0, 812.0, 1969.0, 576.0, 449.0, 619.0, 749.0, 134.0, 946.0, 809.0, 712.0, 259.0, 363.0, 227.0, 106.0, 597.0, 373.0, 559.0, 1185.0, 192.0, 446.0, 876.0, 707.0, 432.0, 1208.0], [522.0, 784.0, 1412.0, 618.0, 143.0, 0.0, 948.0, 2111.0, 498.0, 573.0, 748.0, 692.0, 277.0, 861.0, 725.0, 683.0, 116.0, 346.0, 141.0, 218.0, 667.0, 420.0, 558.0, 1323.0, 63.0, 460.0, 1002.0, 849.0, 467.0, 1344.0], [1169.0, 1574.0, 613.0, 1438.0, 812.0, 948.0, 0.0, 1288.0, 1340.0, 391.0, 222.0, 1458.0, 681.0, 1695.0, 1564.0, 1362.0, 1055.0, 1074.0, 1032.0, 798.0, 971.0, 955.0, 1176.0, 709.0, 1003.0, 1070.0, 174.0, 187.0, 1009.0, 769.0], [2066.0, 2454.0, 704.0, 2381.0, 1969.0, 2111.0, 1288.0, 0.0, 2328.0, 1649.0, 1502.0, 2346.0, 1840.0, 2599.0, 2510.0, 2203.0, 2228.0, 2070.0, 2140.0, 1905.0, 1739.0, 1901.0, 2048.0, 825.0, 2149.0, 1993.0, 1372.0, 1296.0, 1922.0, 832.0], [280.0, 288.0, 1670.0, 121.0, 576.0, 498.0, 1340.0, 2328.0, 0.0, 1014.0, 1173.0, 212.0, 682.0, 370.0, 232.0, 281.0, 472.0, 272.0, 360.0, 551.0, 613.0, 430.0, 312.0, 1504.0, 438.0, 336.0, 1432.0, 1196.0, 406.0, 1503.0], [899.0, 1275.0, 950.0, 1124.0, 449.0, 573.0, 391.0, 1649.0, 1014.0, 0.0, 176.0, 1164.0, 332.0, 1381.0, 1260.0, 1096.0, 674.0, 767.0, 676.0, 465.0, 805.0, 693.0, 917.0, 958.0, 632.0, 802.0, 428.0, 358.0, 755.0, 1003.0], [1035.0, 1425.0, 813.0, 1279.0, 619.0, 748.0, 222.0, 1502.0, 1173.0, 176.0, 0.0, 1312.0, 495.0, 1537.0, 1402.0, 1232.0, 850.0, 917.0, 844.0, 622.0, 893.0, 823.0, 1049.0, 862.0, 806.0, 936.0, 259.0, 251.0, 882.0, 914.0], [297.0, 117.0, 1719.0, 120.0, 749.0, 692.0, 1458.0, 2346.0, 212.0, 1164.0, 1312.0, 0.0, 837.0, 255.0, 164.0, 150.0, 679.0, 397.0, 551.0, 702.0, 607.0, 506.0, 304.0, 1524.0, 635.0, 391.0, 1567.0, 1299.0, 459.0, 1514.0], [585.0, 946.0, 1138.0, 792.0, 134.0, 277.0, 681.0, 1840.0, 682.0, 332.0, 495.0, 837.0, 0.0, 1050.0, 913.0, 779.0, 391.0, 440.0, 351.0, 135.0, 576.0, 396.0, 609.0, 1065.0, 325.0, 492.0, 754.0, 573.0, 459.0, 1091.0], [549.0, 145.0, 1973.0, 258.0, 946.0, 861.0, 1695.0, 2599.0, 370.0, 1381.0, 1537.0, 255.0, 1050.0, 0.0, 137.0, 396.0, 616.0, 622.0, 727.0, 917.0, 860.0, 752.0, 558.0, 1778.0, 800.0, 640.0, 1795.0, 1543.0, 709.0, 1766.0], [435.0, 115.0, 1860.0, 180.0, 809.0, 725.0, 1564.0, 2510.0, 232.0, 1260.0, 1402.0, 164.0, 913.0, 137.0, 0.0, 314.0, 686.0, 490.0, 590.0, 781.0, 760.0, 628.0, 450.0, 1675.0, 663.0, 519.0, 1660.0, 1414.0, 590.0, 1667.0], [197.0, 251.0, 1587.0, 232.0, 712.0, 683.0, 1362.0, 2203.0, 281.0, 1096.0, 1232.0, 150.0, 779.0, 396.0, 314.0, 0.0, 696.0, 349.0, 546.0, 646.0, 467.0, 410.0, 186.0, 1384.0, 634.0, 296.0, 1482.0, 1196.0, 353.0, 1371.0], [558.0, 759.0, 1528.0, 592.0, 259.0, 116.0, 1055.0, 2228.0, 472.0, 674.0, 850.0, 679.0, 391.0, 616.0, 686.0, 696.0, 0.0, 387.0, 168.0, 331.0, 750.0, 497.0, 598.0, 1438.0, 95.0, 514.0, 1100.0, 962.0, 535.0, 1459.0], [176.0, 509.0, 1403.0, 364.0, 363.0, 346.0, 1074.0, 2070.0, 272.0, 767.0, 917.0, 397.0, 440.0, 622.0, 490.0, 349.0, 387.0, 0.0, 221.0, 305.0, 406.0, 173.0, 213.0, 1248.0, 307.0, 131.0, 1174.0, 926.0, 176.0, 1252.0], [394.0, 645.0, 1449.0, 480.0, 227.0, 141.0, 1032.0, 2140.0, 360.0, 676.0, 844.0, 551.0, 351.0, 727.0, 590.0, 546.0, 168.0, 221.0, 0.0, 242.0, 589.0, 335.0, 433.0, 1334.0, 89.0, 346.0, 1102.0, 913.0, 369.0, 1348.0], [454.0, 811.0, 1211.0, 659.0, 106.0, 218.0, 798.0, 1905.0, 551.0, 465.0, 622.0, 702.0, 135.0, 917.0, 781.0, 646.0, 331.0, 305.0, 242.0, 0.0, 492.0, 278.0, 481.0, 1109.0, 245.0, 365.0, 881.0, 672.0, 339.0, 1128.0], [335.0, 717.0, 1122.0, 647.0, 597.0, 667.0, 971.0, 1739.0, 613.0, 805.0, 893.0, 607.0, 576.0, 860.0, 760.0, 467.0, 750.0, 406.0, 589.0, 492.0, 0.0, 254.0, 312.0, 918.0, 657.0, 287.0, 1117.0, 790.0, 231.0, 907.0], [214.0, 623.0, 1240.0, 503.0, 373.0, 420.0, 955.0, 1901.0, 430.0, 693.0, 823.0, 506.0, 396.0, 752.0, 628.0, 410.0, 497.0, 173.0, 335.0, 278.0, 254.0, 0.0, 226.0, 1078.0, 404.0, 116.0, 1072.0, 793.0, 63.0, 1081.0], [41.0, 419.0, 1415.0, 335.0, 559.0, 558.0, 1176.0, 2048.0, 312.0, 917.0, 1049.0, 304.0, 609.0, 558.0, 450.0, 186.0, 598.0, 213.0, 433.0, 481.0, 312.0, 226.0, 0.0, 1225.0, 520.0, 117.0, 1297.0, 1010.0, 168.0, 1217.0], [1242.0, 1634.0, 280.0, 1557.0, 1185.0, 1323.0, 709.0, 825.0, 1504.0, 958.0, 862.0, 1524.0, 1065.0, 1778.0, 1675.0, 1384.0, 1438.0, 1248.0, 1334.0, 1109.0, 918.0, 1078.0, 1225.0, 0.0, 1354.0, 1168.0, 867.0, 613.0, 1098.0, 67.0], [482.0, 725.0, 1453.0, 559.0, 192.0, 63.0, 1003.0, 2149.0, 438.0, 632.0, 806.0, 635.0, 325.0, 800.0, 663.0, 634.0, 95.0, 307.0, 89.0, 245.0, 657.0, 404.0, 520.0, 1354.0, 0.0, 429.0, 1061.0, 898.0, 445.0, 1372.0], [99.0, 508.0, 1343.0, 395.0, 446.0, 460.0, 1070.0, 1993.0, 336.0, 802.0, 936.0, 391.0, 492.0, 640.0, 519.0, 296.0, 514.0, 131.0, 346.0, 365.0, 287.0, 116.0, 117.0, 1168.0, 429.0, 0.0, 1187.0, 908.0, 71.0, 1167.0], [1286.0, 1681.0, 734.0, 1537.0, 876.0, 1002.0, 174.0, 1372.0, 1432.0, 428.0, 259.0, 1567.0, 754.0, 1795.0, 1660.0, 1482.0, 1100.0, 1174.0, 1102.0, 881.0, 1117.0, 1072.0, 1297.0, 867.0, 1061.0, 1187.0, 0.0, 353.0, 1130.0, 928.0], [1006.0, 1416.0, 594.0, 1288.0, 707.0, 849.0, 187.0, 1296.0, 1196.0, 358.0, 251.0, 1299.0, 573.0, 1543.0, 1414.0, 1196.0, 962.0, 926.0, 913.0, 672.0, 790.0, 793.0, 1010.0, 613.0, 898.0, 908.0, 353.0, 0.0, 844.0, 664.0], [162.0, 576.0, 1272.0, 466.0, 432.0, 467.0, 1009.0, 1922.0, 406.0, 755.0, 882.0, 459.0, 459.0, 709.0, 590.0, 353.0, 535.0, 176.0, 369.0, 339.0, 231.0, 63.0, 168.0, 1098.0, 445.0, 71.0, 1130.0, 844.0, 0.0, 1097.0], [1236.0, 1622.0, 339.0, 1551.0, 1208.0, 1344.0, 769.0, 832.0, 1503.0, 1003.0, 914.0, 1514.0, 1091.0, 1766.0, 1667.0, 1371.0, 1459.0, 1252.0, 1348.0, 1128.0, 907.0, 1081.0, 1217.0, 67.0, 1372.0, 1167.0, 928.0, 664.0, 1097.0, 0.0]]
[[0.0, 34.0, 45.0, 84.0, 426.0, 51.0, 11.0, 8.0, 453.0, 5.0, 2.0, 4.0, 70.0, 338.0, 1.0, 32.0, 120.0, 24.0, 643.0, 53.0, 6072.0, 247.0, 37.0, 35.0, 95.0, 14.0, 25.0, 122.0, 228.0, 362.0], [34.0, 0.0, 131.0, 6.0, 693.0, 80.0, 24.0, 5.0, 1262.0, 22.0, 11.0, 4.0, 127.0, 5592.0, 245.0, 7129.0, 431.0, 93.0, 287.0, 60.0, 4581.0, 694.0, 2573.0, 63.0, 112.0, 409.0, 26.0, 482.0, 420.0, 535.0], [45.0, 131.0, 0.0, 36.0, 398.0, 37.0, 390.0, 40.0, 1215.0, 54.0, 64.0, 22.0, 88.0, 1187.0, 1.0, 157.0, 44.0, 21.0, 53.0, 17.0, 3674.0, 320.0, 547.0, 738.0, 53.0, 267.0, 147.0, 5421.0, 463.0, 6390.0], [84.0, 6.0, 36.0, 0.0, 452.0, 26.0, 9.0, 3.0, 5.0, 7.0, 2.0, 0.0, 70.0, 2548.0, 0.0, 213.0, 60.0, 77.0, 78.0, 43.0, 3218.0, 259.0, 1616.0, 38.0, 72.0, 330.0, 4.0, 134.0, 265.0, 246.0], [426.0, 693.0, 398.0, 452.0, 0.0, 3746.0, 533.0, 45.0, 6469.0, 1223.0, 279.0, 131.0, 8364.0, 7629.0, 9.0, 1756.0, 4378.0, 1341.0, 8888.0, 1811.0, 20036.0, 4690.0, 6194.0, 374.0, 6071.0, 3087.0, 512.0, 11688.0, 2727.0, 2243.0], [51.0, 80.0, 37.0, 26.0, 3746.0, 0.0, 31.0, 11.0, 448.0, 70.0, 16.0, 11.0, 317.0, 748.0, 1.0, 156.0, 151.0, 42.0, 334.0, 184.0, 1521.0, 370.0, 418.0, 45.0, 58.0, 295.0, 28.0, 589.0, 208.0, 174.0], [11.0, 24.0, 390.0, 9.0, 533.0, 31.0, 0.0, 6.0, 230.0, 198.0, 324.0, 36.0, 102.0, 452.0, 6.0, 62.0, 35.0, 21.0, 62.0, 27.0, 1627.0, 251.0, 242.0, 101.0, 57.0, 111.0, 440.0, 9755.0, 129.0, 870.0], [8.0, 5.0, 40.0, 3.0, 45.0, 11.0, 6.0, 0.0, 29.0, 1.0, 1.0, 2.0, 20.0, 86.0, 0.0, 27.0, 4.0, 4.0, 22.0, 6.0, 353.0, 23.0, 50.0, 23.0, 6.0, 23.0, 7.0, 192.0, 24.0, 245.0], [453.0, 1262.0, 1215.0, 5.0, 6469.0, 448.0, 230.0, 29.0, 0.0, 161.0, 91.0, 37.0, 1574.0, 12999.0, 10.0, 2405.0, 726.0, 1274.0, 1041.0, 309.0, 13692.0, 3322.0, 5576.0, 260.0, 422.0, 1136.0, 209.0, 3878.0, 664.0, 3202.0], [5.0, 22.0, 54.0, 7.0, 1223.0, 70.0, 198.0, 1.0, 161.0, 0.0, 161.0, 1.0, 199.0, 99.0, 0.0, 37.0, 43.0, 21.0, 96.0, 85.0, 658.0, 127.0, 102.0, 25.0, 77.0, 73.0, 107.0, 2153.0, 58.0, 173.0], [2.0, 11.0, 64.0, 2.0, 279.0, 16.0, 324.0, 1.0, 91.0, 161.0, 0.0, 2.0, 108.0, 100.0, 2.0, 29.0, 28.0, 13.0, 27.0, 18.0, 300.0, 40.0, 170.0, 18.0, 16.0, 41.0, 170.0, 2466.0, 34.0, 135.0], [4.0, 4.0, 22.0, 0.0, 131.0, 11.0, 36.0, 2.0, 37.0, 1.0, 2.0, 0.0, 14.0, 1007.0, 1.0, 244.0, 14.0, 11.0, 45.0, 9.0, 569.0, 101.0, 422.0, 6.0, 30.0, 70.0, 8.0, 211.0, 190.0, 201.0], [70.0, 127.0, 88.0, 70.0, 8364.0, 317.0, 102.0, 20.0, 1574.0, 199.0, 108.0, 14.0, 0.0, 1163.0, 1.0, 357.0, 473.0, 99.0, 863.0, 149.0, 4337.0, 550.0, 1394.0, 89.0, 601.0, 375.0, 48.0, 2655.0, 288.0, 480.0], [338.0, 5592.0, 1187.0, 2548.0, 7629.0, 748.0, 452.0, 86.0, 12999.0, 99.0, 100.0, 1007.0, 1163.0, 0.0, 2067.0, 10057.0, 1363.0, 606.0, 2935.0, 412.0, 35135.0, 5956.0, 14121.0, 552.0, 1171.0, 4366.0, 278.0, 5951.0, 4020.0, 5768.0], [1.0, 245.0, 1.0, 0.0, 9.0, 1.0, 6.0, 0.0, 10.0, 0.0, 2.0, 1.0, 1.0, 2067.0, 0.0, 200.0, 17.0, 11.0, 12.0, 5.0, 19.0, 7.0, 15.0, 1.0, 10.0, 6.0, 0.0, 6.0, 5.0, 5.0], [32.0, 7129.0, 157.0, 213.0, 1756.0, 156.0, 62.0, 27.0, 2405.0, 37.0, 29.0, 244.0, 357.0, 10057.0, 200.0, 0.0, 355.0, 247.0, 549.0, 116.0, 10349.0, 1306.0, 3446.0, 163.0, 292.0, 1238.0, 42.0, 1192.0, 1181.0, 1005.0], [120.0, 431.0, 44.0, 60.0, 4378.0, 151.0, 35.0, 4.0, 726.0, 43.0, 28.0, 14.0, 473.0, 1363.0, 17.0, 355.0, 0.0, 94.0, 1176.0, 215.0, 1575.0, 405.0, 640.0, 46.0, 285.0, 401.0, 57.0, 673.0, 278.0, 168.0], [24.0, 93.0, 21.0, 77.0, 1341.0, 42.0, 21.0, 4.0, 1274.0, 21.0, 13.0, 11.0, 99.0, 606.0, 11.0, 247.0, 94.0, 0.0, 238.0, 44.0, 1603.0, 854.0, 867.0, 42.0, 116.0, 265.0, 12.0, 271.0, 37.0, 144.0], [643.0, 287.0, 53.0, 78.0, 8888.0, 334.0, 62.0, 22.0, 1041.0, 96.0, 27.0, 45.0, 863.0, 2935.0, 12.0, 549.0, 1176.0, 238.0, 0.0, 1324.0, 4700.0, 511.0, 2283.0, 153.0, 440.0, 1386.0, 59.0, 1492.0, 200.0, 379.0], [53.0, 60.0, 17.0, 43.0, 1811.0, 184.0, 27.0, 6.0, 309.0, 85.0, 18.0, 9.0, 149.0, 412.0, 5.0, 116.0, 215.0, 44.0, 1324.0, 0.0, 2394.0, 687.0, 564.0, 47.0, 434.0, 278.0, 33.0, 694.0, 112.0, 195.0], [6072.0, 4581.0, 3674.0, 3218.0, 20036.0, 1521.0, 1627.0, 353.0, 13692.0, 658.0, 300.0, 569.0, 4337.0, 35135.0, 19.0, 10349.0, 1575.0, 1603.0, 4700.0, 2394.0, 0.0, 19094.0, 35119.0, 3903.0, 2286.0, 15716.0, 874.0, 21423.0, 12004.0, 27342.0], [247.0, 694.0, 320.0, 259.0, 4690.0, 370.0, 251.0, 23.0, 3322.0, 127.0, 40.0, 101.0, 550.0, 5956.0, 7.0, 1306.0, 405.0, 854.0, 511.0, 687.0, 19094.0, 0.0, 7284.0, 234.0, 454.0, 644.0, 70.0, 3102.0, 143.0, 1562.0], [37.0, 2573.0, 547.0, 1616.0, 6194.0, 418.0, 242.0, 50.0, 5576.0, 102.0, 170.0, 422.0, 1394.0, 14121.0, 15.0, 3446.0, 640.0, 867.0, 2283.0, 564.0, 35119.0, 7284.0, 0.0, 289.0, 548.0, 2123.0, 144.0, 5023.0, 5195.0, 3512.0], [35.0, 63.0, 738.0, 38.0, 374.0, 45.0, 101.0, 23.0, 260.0, 25.0, 18.0, 6.0, 89.0, 552.0, 1.0, 163.0, 46.0, 42.0, 153.0, 47.0, 3903.0, 234.0, 289.0, 0.0, 74.0, 166.0, 53.0, 1417.0, 208.0, 1656.0], [95.0, 112.0, 53.0, 72.0, 6071.0, 58.0, 57.0, 6.0, 422.0, 77.0, 16.0, 30.0, 601.0, 1171.0, 10.0, 292.0, 285.0, 116.0, 440.0, 434.0, 2286.0, 454.0, 548.0, 74.0, 0.0, 440.0, 37.0, 764.0, 339.0, 265.0], [14.0, 409.0, 267.0, 330.0, 3087.0, 295.0, 111.0, 23.0, 1136.0, 73.0, 41.0, 70.0, 375.0, 4366.0, 6.0, 1238.0, 401.0, 265.0, 1386.0, 278.0, 15716.0, 644.0, 2123.0, 166.0, 440.0, 0.0, 73.0, 2116.0, 343.0, 1469.0], [25.0, 26.0, 147.0, 4.0, 512.0, 28.0, 440.0, 7.0, 209.0, 107.0, 170.0, 8.0, 48.0, 278.0, 0.0, 42.0, 57.0, 12.0, 59.0, 33.0, 874.0, 70.0, 144.0, 53.0, 37.0, 73.0, 0.0, 5627.0, 57.0, 385.0], [122.0, 482.0, 5421.0, 134.0, 11688.0, 589.0, 9755.0, 192.0, 3878.0, 2153.0, 2466.0, 211.0, 2655.0, 5951.0, 6.0, 1192.0, 673.0, 271.0, 1492.0, 694.0, 21423.0, 3102.0, 5023.0, 1417.0, 764.0, 2116.0, 5627.0, 0.0, 2664.0, 11557.0], [228.0, 420.0, 463.0, 265.0, 2727.0, 208.0, 129.0, 24.0, 664.0, 58.0, 34.0, 190.0, 288.0, 4020.0, 5.0, 1181.0, 278.0, 37.0, 200.0, 112.0, 12004.0, 143.0, 5195.0, 208.0, 339.0, 343.0, 57.0, 2664.0, 0.0, 1273.0], [362.0, 535.0, 6390.0, 246.0, 2243.0, 174.0, 870.0, 245.0, 3202.0, 173.0, 135.0, 201.0, 480.0, 5768.0, 5.0, 1005.0, 168.0, 144.0, 379.0, 195.0, 27342.0, 1562.0, 3512.0, 1656.0, 265.0, 1469.0, 385.0, 11557.0, 1273.0, 0.0]]