40
[6, 19, 24, 35]
[[0.0, 414.0, 1426.0, 315.0, 528.0, 522.0, 1169.0, 2066.0, 280.0, 899.0, 1035.0, 297.0, 585.0, 549.0, 435.0, 197.0, 558.0, 176.0, 394.0, 454.0, 335.0, 214.0, 41.0, 1242.0, 482.0, 99.0, 1286.0, 1006.0, 162.0, 1236.0, 638.0, 132.0, 674.0, 1519.0, 104.0, 381.0, 185.0, 196.0, 2068.0, 250.0], [414.0, 0.0, 1833.0, 167.0, 852.0, 784.0, 1574.0, 2454.0, 288.0, 1275.0, 1425.0, 117.0, 946.0, 145.0, 115.0, 251.0, 759.0, 509.0, 645.0, 811.0, 717.0, 623.0, 419.0, 1634.0, 725.0, 508.0, 1681.0, 1416.0, 576.0, 1622.0, 1021.0, 479.0, 945.0, 1932.0, 329.0, 793.0, 505.0, 599.0, 2448.0, 595.0], [1426.0, 1833.0, 0.0, 1738.0, 1269.0, 1412.0, 613.0, 704.0, 1670.0, 950.0, 813.0, 1719.0, 1138.0, 1973.0, 1860.0, 1587.0, 1528.0, 1403.0, 1449.0, 1211.0, 1122.0, 1240.0, 1415.0, 280.0, 1453.0, 1343.0, 734.0, 594.0, 1272.0, 339.0, 832.0, 1357.0, 1106.0, 223.0, 1504.0, 1079.0, 1341.0, 1234.0, 745.0, 1253.0], [315.0, 167.0, 1738.0, 0.0, 692.0, 618.0, 1438.0, 2381.0, 121.0, 1124.0, 1279.0, 120.0, 792.0, 258.0, 180.0, 232.0, 592.0, 364.0, 480.0, 659.0, 647.0, 503.0, 335.0, 1557.0, 559.0, 395.0, 1537.0, 1288.0, 466.0, 1551.0, 952.0, 417.0, 938.0, 1822.0, 265.0, 672.0, 457.0, 511.0, 2383.0, 543.0], [528.0, 852.0, 1269.0, 692.0, 0.0, 143.0, 812.0, 1969.0, 576.0, 449.0, 619.0, 749.0, 134.0, 946.0, 809.0, 712.0, 259.0, 363.0, 227.0, 106.0, 597.0, 373.0, 559.0, 1185.0, 192.0, 446.0, 876.0, 707.0, 432.0, 1208.0, 743.0, 602.0, 998.0, 1283.0, 626.0, 350.0, 644.0, 508.0, 1997.0, 640.0], [522.0, 784.0, 1412.0, 618.0, 143.0, 0.0, 948.0, 2111.0, 498.0, 573.0, 748.0, 692.0, 277.0, 861.0, 725.0, 683.0, 116.0, 346.0, 141.0, 218.0, 667.0, 420.0, 558.0, 1323.0, 63.0, 460.0, 1002.0, 849.0, 467.0, 1344.0, 854.0, 621.0, 1074.0, 1425.0, 609.0, 449.0, 669.0, 554.0, 2138.0, 684.0], [1169.0, 1574.0, 613.0, 1438.0, 812.0, 948.0, 0.0, 1288.0, 1340.0, 391.0, 222.0, 1458.0, 681.0, 1695.0, 1564.0, 1362.0, 1055.0, 1074.0, 1032.0, 798.0, 971.0, 955.0, 1176.0, 709.0, 1003.0, 1070.0, 174.0, 187.0, 1009.0, 769.0, 807.0, 1156.0, 1179.0, 525.0, 1268.0, 789.0, 1165.0, 1017.0, 1343.0, 1098.0], [2066.0, 2454.0, 704.0, 2381.0, 1969.0, 2111.0, 1288.0, 0.0, 2328.0, 1649.0, 1502.0, 2346.0, 1840.0, 2599.0, 2510.0, 2203.0, 2228.0, 2070.0, 2140.0, 1905.0, 1739.0, 1901.0, 2048.0, 825.0, 2149.0, 1993.0, 1372.0, 1296.0, 1922.0, 832.0, 1434.0, 1976.0, 1596.0, 771.0, 2130.0, 1750.0, 1950.0, 1870.0, 100.0, 1859.0], [280.0, 288.0, 1670.0, 121.0, 576.0, 498.0, 1340.0, 2328.0, 0.0, 1014.0, 1173.0, 212.0, 682.0, 370.0, 232.0, 281.0, 472.0, 272.0, 360.0, 551.0, 613.0, 430.0, 312.0, 1504.0, 438.0, 336.0, 1432.0, 1196.0, 406.0, 1503.0, 910.0, 404.0, 945.0, 1742.0, 272.0, 593.0, 452.0, 468.0, 2334.0, 528.0], [899.0, 1275.0, 950.0, 1124.0, 449.0, 573.0, 391.0, 1649.0, 1014.0, 0.0, 176.0, 1164.0, 332.0, 1381.0, 1260.0, 1096.0, 674.0, 767.0, 676.0, 465.0, 805.0, 693.0, 917.0, 958.0, 632.0, 802.0, 428.0, 358.0, 755.0, 1003.0, 772.0, 925.0, 1126.0, 906.0, 1003.0, 557.0, 950.0, 794.0, 1695.0, 906.0], [1035.0, 1425.0, 813.0, 1279.0, 619.0, 748.0, 222.0, 1502.0, 1173.0, 176.0, 0.0, 1312.0, 495.0, 1537.0, 1402.0, 1232.0, 850.0, 917.0, 844.0, 622.0, 893.0, 823.0, 1049.0, 862.0, 806.0, 936.0, 259.0, 251.0, 882.0, 914.0, 799.0, 1044.0, 1169.0, 745.0, 1137.0, 670.0, 1063.0, 908.0, 1553.0, 1008.0], [297.0, 117.0, 1719.0, 120.0, 749.0, 692.0, 1458.0, 2346.0, 212.0, 1164.0, 1312.0, 0.0, 837.0, 255.0, 164.0, 150.0, 679.0, 397.0, 551.0, 702.0, 607.0, 506.0, 304.0, 1524.0, 635.0, 391.0, 1567.0, 1299.0, 459.0, 1514.0, 912.0, 370.0, 861.0, 1816.0, 216.0, 676.0, 400.0, 485.0, 2342.0, 490.0], [585.0, 946.0, 1138.0, 792.0, 134.0, 277.0, 681.0, 1840.0, 682.0, 332.0, 495.0, 837.0, 0.0, 1050.0, 913.0, 779.0, 391.0, 440.0, 351.0, 135.0, 576.0, 396.0, 609.0, 1065.0, 325.0, 492.0, 754.0, 573.0, 459.0, 1091.0, 668.0, 634.0, 960.0, 1149.0, 688.0, 312.0, 669.0, 519.0, 1870.0, 646.0], [549.0, 145.0, 1973.0, 258.0, 946.0, 861.0, 1695.0, 2599.0, 370.0, 1381.0, 1537.0, 255.0, 1050.0, 0.0, 137.0, 396.0, 616.0, 622.0, 727.0, 917.0, 860.0, 752.0, 558.0, 1778.0, 800.0, 640.0, 1795.0, 1543.0, 709.0, 1766.0, 1165.0, 623.0, 1086.0, 2068.0, 471.0, 922.0, 650.0, 739.0, 2593.0, 740.0], [435.0, 115.0, 1860.0, 180.0, 809.0, 725.0, 1564.0, 2510.0, 232.0, 1260.0, 1402.0, 164.0, 913.0, 137.0, 0.0, 314.0, 686.0, 490.0, 590.0, 781.0, 760.0, 628.0, 450.0, 1675.0, 663.0, 519.0, 1660.0, 1414.0, 590.0, 1667.0, 1066.0, 525.0, 1050.0, 1900.0, 371.0, 798.0, 565.0, 630.0, 2550.0, 595.0], [197.0, 251.0, 1587.0, 232.0, 712.0, 683.0, 1362.0, 2203.0, 281.0, 1096.0, 1232.0, 150.0, 779.0, 396.0, 314.0, 0.0, 696.0, 349.0, 546.0, 646.0, 467.0, 410.0, 186.0, 1384.0, 634.0, 296.0, 1482.0, 1196.0, 353.0, 1371.0, 771.0, 230.0, 712.0, 1694.0, 95.0, 573.0, 254.0, 359.0, 2198.0, 344.0], [558.0, 759.0, 1528.0, 592.0, 259.0, 116.0, 1055.0, 2228.0, 472.0, 674.0, 850.0, 679.0, 391.0, 616.0, 686.0, 696.0, 0.0, 387.0, 168.0, 331.0, 750.0, 497.0, 598.0, 1438.0, 95.0, 514.0, 1100.0, 962.0, 535.0, 1459.0, 957.0, 672.0, 1156.0, 1539.0, 633.0, 551.0, 723.0, 625.0, 2255.0, 750.0], [176.0, 509.0, 1403.0, 364.0, 363.0, 346.0, 1074.0, 2070.0, 272.0, 767.0, 917.0, 397.0, 440.0, 622.0, 490.0, 349.0, 387.0, 0.0, 221.0, 305.0, 406.0, 173.0, 213.0, 1248.0, 307.0, 131.0, 1174.0, 926.0, 176.0, 1252.0, 676.0, 284.0, 795.0, 1471.0, 266.0, 324.0, 336.0, 263.0, 2081.0, 373.0], [394.0, 645.0, 1449.0, 480.0, 227.0, 141.0, 1032.0, 2140.0, 360.0, 676.0, 844.0, 551.0, 351.0, 727.0, 590.0, 546.0, 168.0, 221.0, 0.0, 242.0, 589.0, 335.0, 433.0, 1334.0, 89.0, 346.0, 1102.0, 913.0, 369.0, 1348.0, 816.0, 504.0, 992.0, 1484.0, 475.0, 415.0, 555.0, 460.0, 2161.0, 583.0], [454.0, 811.0, 1211.0, 659.0, 106.0, 218.0, 798.0, 1905.0, 551.0, 465.0, 622.0, 702.0, 135.0, 917.0, 781.0, 646.0, 331.0, 305.0, 242.0, 0.0, 492.0, 278.0, 481.0, 1109.0, 245.0, 365.0, 881.0, 672.0, 339.0, 1128.0, 642.0, 514.0, 892.0, 1242.0, 556.0, 244.0, 553.0, 410.0, 1929.0, 541.0], [335.0, 717.0, 1122.0, 647.0, 597.0, 667.0, 971.0, 1739.0, 613.0, 805.0, 893.0, 607.0, 576.0, 860.0, 760.0, 467.0, 750.0, 406.0, 589.0, 492.0, 0.0, 254.0, 312.0, 918.0, 657.0, 287.0, 1117.0, 790.0, 231.0, 907.0, 306.0, 238.0, 407.0, 1240.0, 391.0, 265.0, 219.0, 148.0, 1737.0, 134.0], [214.0, 623.0, 1240.0, 503.0, 373.0, 420.0, 955.0, 1901.0, 430.0, 693.0, 823.0, 506.0, 396.0, 752.0, 628.0, 410.0, 497.0, 173.0, 335.0, 278.0, 254.0, 0.0, 226.0, 1078.0, 404.0, 116.0, 1072.0, 793.0, 63.0, 1081.0, 505.0, 238.0, 659.0, 1319.0, 315.0, 170.0, 275.0, 136.0, 1910.0, 268.0], [41.0, 419.0, 1415.0, 335.0, 559.0, 558.0, 1176.0, 2048.0, 312.0, 917.0, 1049.0, 304.0, 609.0, 558.0, 450.0, 186.0, 598.0, 213.0, 433.0, 481.0, 312.0, 226.0, 0.0, 1225.0, 520.0, 117.0, 1297.0, 1010.0, 168.0, 1217.0, 617.0, 94.0, 637.0, 1514.0, 93.0, 387.0, 145.0, 181.0, 2048.0, 216.0], [1242.0, 1634.0, 280.0, 1557.0, 1185.0, 1323.0, 709.0, 825.0, 1504.0, 958.0, 862.0, 1524.0, 1065.0, 1778.0, 1675.0, 1384.0, 1438.0, 1248.0, 1334.0, 1109.0, 918.0, 1078.0, 1225.0, 0.0, 1354.0, 1168.0, 867.0, 613.0, 1098.0, 67.0, 614.0, 1155.0, 842.0, 492.0, 1308.0, 932.0, 1132.0, 1046.0, 832.0, 1041.0], [482.0, 725.0, 1453.0, 559.0, 192.0, 63.0, 1003.0, 2149.0, 438.0, 632.0, 806.0, 635.0, 325.0, 800.0, 663.0, 634.0, 95.0, 307.0, 89.0, 245.0, 657.0, 404.0, 520.0, 1354.0, 0.0, 429.0, 1061.0, 898.0, 445.0, 1372.0, 863.0, 589.0, 1063.0, 1473.0, 564.0, 457.0, 639.0, 535.0, 2174.0, 661.0], [99.0, 508.0, 1343.0, 395.0, 446.0, 460.0, 1070.0, 1993.0, 336.0, 802.0, 936.0, 391.0, 492.0, 640.0, 519.0, 296.0, 514.0, 131.0, 346.0, 365.0, 287.0, 116.0, 117.0, 1168.0, 429.0, 0.0, 1187.0, 908.0, 71.0, 1167.0, 575.0, 161.0, 665.0, 1429.0, 202.0, 284.0, 210.0, 139.0, 1998.0, 242.0], [1286.0, 1681.0, 734.0, 1537.0, 876.0, 1002.0, 174.0, 1372.0, 1432.0, 428.0, 259.0, 1567.0, 754.0, 1795.0, 1660.0, 1482.0, 1100.0, 1174.0, 1102.0, 881.0, 1117.0, 1072.0, 1297.0, 867.0, 1061.0, 1187.0, 0.0, 353.0, 1130.0, 928.0, 973.0, 1286.0, 1346.0, 601.0, 1388.0, 913.0, 1300.0, 1148.0, 1436.0, 1239.0], [1006.0, 1416.0, 594.0, 1288.0, 707.0, 849.0, 187.0, 1296.0, 1196.0, 358.0, 251.0, 1299.0, 573.0, 1543.0, 1414.0, 1196.0, 962.0, 926.0, 913.0, 672.0, 790.0, 793.0, 1010.0, 613.0, 898.0, 908.0, 353.0, 0.0, 844.0, 664.0, 621.0, 983.0, 994.0, 576.0, 1102.0, 624.0, 989.0, 844.0, 1338.0, 918.0], [162.0, 576.0, 1272.0, 466.0, 432.0, 467.0, 1009.0, 1922.0, 406.0, 755.0, 882.0, 459.0, 459.0, 709.0, 590.0, 353.0, 535.0, 176.0, 369.0, 339.0, 231.0, 63.0, 168.0, 1098.0, 445.0, 71.0, 1130.0, 844.0, 0.0, 1097.0, 509.0, 175.0, 625.0, 1359.0, 259.0, 220.0, 213.0, 95.0, 1928.0, 217.0], [1236.0, 1622.0, 339.0, 1551.0, 1208.0, 1344.0, 769.0, 832.0, 1503.0, 1003.0, 914.0, 1514.0, 1091.0, 1766.0, 1667.0, 1371.0, 1459.0, 1252.0, 1348.0, 1128.0, 907.0, 1081.0, 1217.0, 67.0, 1372.0, 1167.0, 928.0, 664.0, 1097.0, 0.0, 602.0, 1144.0, 803.0, 555.0, 1298.0, 941.0, 1118.0, 1040.0, 832.0, 1027.0], [638.0, 1021.0, 832.0, 952.0, 743.0, 854.0, 807.0, 1434.0, 910.0, 772.0, 799.0, 912.0, 668.0, 1165.0, 1066.0, 771.0, 957.0, 676.0, 816.0, 642.0, 306.0, 505.0, 617.0, 614.0, 863.0, 575.0, 973.0, 621.0, 509.0, 602.0, 0.0, 543.0, 374.0, 973.0, 697.0, 406.0, 518.0, 443.0, 1431.0, 428.0], [132.0, 479.0, 1357.0, 417.0, 602.0, 621.0, 1156.0, 1976.0, 404.0, 925.0, 1044.0, 370.0, 634.0, 623.0, 525.0, 230.0, 672.0, 284.0, 504.0, 514.0, 238.0, 238.0, 94.0, 1155.0, 589.0, 161.0, 1286.0, 983.0, 175.0, 1144.0, 543.0, 0.0, 543.0, 1466.0, 155.0, 374.0, 53.0, 139.0, 1973.0, 126.0], [674.0, 945.0, 1106.0, 938.0, 998.0, 1074.0, 1179.0, 1596.0, 945.0, 1126.0, 1169.0, 861.0, 960.0, 1086.0, 1050.0, 712.0, 1156.0, 795.0, 992.0, 892.0, 407.0, 659.0, 637.0, 842.0, 1063.0, 665.0, 1346.0, 994.0, 625.0, 803.0, 374.0, 543.0, 0.0, 1282.0, 678.0, 652.0, 493.0, 534.0, 1571.0, 426.0], [1519.0, 1932.0, 223.0, 1822.0, 1283.0, 1425.0, 525.0, 771.0, 1742.0, 906.0, 745.0, 1816.0, 1149.0, 2068.0, 1900.0, 1694.0, 1539.0, 1471.0, 1484.0, 1242.0, 1240.0, 1319.0, 1514.0, 492.0, 1473.0, 1429.0, 601.0, 576.0, 1359.0, 555.0, 973.0, 1466.0, 1282.0, 0.0, 1605.0, 1151.0, 1457.0, 1335.0, 835.0, 1373.0], [104.0, 329.0, 1504.0, 265.0, 626.0, 609.0, 1268.0, 2130.0, 272.0, 1003.0, 1137.0, 216.0, 688.0, 471.0, 371.0, 95.0, 633.0, 266.0, 475.0, 556.0, 391.0, 315.0, 93.0, 1308.0, 564.0, 202.0, 1388.0, 1102.0, 259.0, 1298.0, 697.0, 155.0, 678.0, 1605.0, 0.0, 479.0, 192.0, 271.0, 2127.0, 279.0], [381.0, 793.0, 1079.0, 672.0, 350.0, 449.0, 789.0, 1750.0, 593.0, 557.0, 670.0, 676.0, 312.0, 922.0, 798.0, 573.0, 551.0, 324.0, 415.0, 244.0, 265.0, 170.0, 387.0, 932.0, 457.0, 284.0, 913.0, 624.0, 220.0, 941.0, 406.0, 374.0, 652.0, 1151.0, 479.0, 0.0, 394.0, 238.0, 1764.0, 351.0], [185.0, 505.0, 1341.0, 457.0, 644.0, 669.0, 1165.0, 1950.0, 452.0, 950.0, 1063.0, 400.0, 669.0, 650.0, 565.0, 254.0, 723.0, 336.0, 555.0, 553.0, 219.0, 275.0, 145.0, 1132.0, 639.0, 210.0, 1300.0, 989.0, 213.0, 1118.0, 518.0, 53.0, 493.0, 1457.0, 192.0, 394.0, 0.0, 156.0, 1944.0, 91.0], [196.0, 599.0, 1234.0, 511.0, 508.0, 554.0, 1017.0, 1870.0, 468.0, 794.0, 908.0, 485.0, 519.0, 739.0, 630.0, 359.0, 625.0, 263.0, 460.0, 410.0, 148.0, 136.0, 181.0, 1046.0, 535.0, 139.0, 1148.0, 844.0, 95.0, 1040.0, 443.0, 139.0, 534.0, 1335.0, 271.0, 238.0, 156.0, 0.0, 1872.0, 132.0], [2068.0, 2448.0, 745.0, 2383.0, 1997.0, 2138.0, 1343.0, 100.0, 2334.0, 1695.0, 1553.0, 2342.0, 1870.0, 2593.0, 2550.0, 2198.0, 2255.0, 2081.0, 2161.0, 1929.0, 1737.0, 1910.0, 2048.0, 832.0, 2174.0, 1998.0, 1436.0, 1338.0, 1928.0, 832.0, 1431.0, 1973.0, 1571.0, 835.0, 2127.0, 1764.0, 1944.0, 1872.0, 0.0, 1853.0], [250.0, 595.0, 1253.0, 543.0, 640.0, 684.0, 1098.0, 1859.0, 528.0, 906.0, 1008.0, 490.0, 646.0, 740.0, 595.0, 344.0, 750.0, 373.0, 583.0, 541.0, 134.0, 268.0, 216.0, 1041.0, 661.0, 242.0, 1239.0, 918.0, 217.0, 1027.0, 428.0, 126.0, 426.0, 1373.0, 279.0, 351.0, 91.0, 132.0, 1853.0, 0.0]]
[[0.0, 34.0, 45.0, 84.0, 426.0, 51.0, 11.0, 8.0, 453.0, 5.0, 2.0, 4.0, 70.0, 338.0, 1.0, 32.0, 120.0, 24.0, 643.0, 53.0, 6072.0, 247.0, 37.0, 35.0, 95.0, 14.0, 25.0, 122.0, 228.0, 362.0, 170.0, 1084.0, 36.0, 37.0, 1.0, 100.0, 4.0, 8.0, 33.0, 51.0], [34.0, 0.0, 131.0, 6.0, 693.0, 80.0, 24.0, 5.0, 1262.0, 22.0, 11.0, 4.0, 127.0, 5592.0, 245.0, 7129.0, 431.0, 93.0, 287.0, 60.0, 4581.0, 694.0, 2573.0, 63.0, 112.0, 409.0, 26.0, 482.0, 420.0, 535.0, 115.0, 3323.0, 39.0, 114.0, 375.0, 151.0, 19.0, 151.0, 19.0, 162.0], [45.0, 131.0, 0.0, 36.0, 398.0, 37.0, 390.0, 40.0, 1215.0, 54.0, 64.0, 22.0, 88.0, 1187.0, 1.0, 157.0, 44.0, 21.0, 53.0, 17.0, 3674.0, 320.0, 547.0, 738.0, 53.0, 267.0, 147.0, 5421.0, 463.0, 6390.0, 168.0, 634.0, 16.0, 3396.0, 10.0, 62.0, 29.0, 47.0, 131.0, 52.0], [84.0, 6.0, 36.0, 0.0, 452.0, 26.0, 9.0, 3.0, 5.0, 7.0, 2.0, 0.0, 70.0, 2548.0, 0.0, 213.0, 60.0, 77.0, 78.0, 43.0, 3218.0, 259.0, 1616.0, 38.0, 72.0, 330.0, 4.0, 134.0, 265.0, 246.0, 94.0, 985.0, 13.0, 36.0, 114.0, 28.0, 35.0, 104.0, 9.0, 53.0], [426.0, 693.0, 398.0, 452.0, 0.0, 3746.0, 533.0, 45.0, 6469.0, 1223.0, 279.0, 131.0, 8364.0, 7629.0, 9.0, 1756.0, 4378.0, 1341.0, 8888.0, 1811.0, 20036.0, 4690.0, 6194.0, 374.0, 6071.0, 3087.0, 512.0, 11688.0, 2727.0, 2243.0, 574.0, 8857.0, 103.0, 627.0, 160.0, 586.0, 178.0, 567.0, 128.0, 427.0], [51.0, 80.0, 37.0, 26.0, 3746.0, 0.0, 31.0, 11.0, 448.0, 70.0, 16.0, 11.0, 317.0, 748.0, 1.0, 156.0, 151.0, 42.0, 334.0, 184.0, 1521.0, 370.0, 418.0, 45.0, 58.0, 295.0, 28.0, 589.0, 208.0, 174.0, 57.0, 963.0, 17.0, 70.0, 12.0, 26.0, 6.0, 65.0, 27.0, 34.0], [11.0, 24.0, 390.0, 9.0, 533.0, 31.0, 0.0, 6.0, 230.0, 198.0, 324.0, 36.0, 102.0, 452.0, 6.0, 62.0, 35.0, 21.0, 62.0, 27.0, 1627.0, 251.0, 242.0, 101.0, 57.0, 111.0, 440.0, 9755.0, 129.0, 870.0, 97.0, 364.0, 8.0, 1525.0, 3.0, 26.0, 8.0, 27.0, 33.0, 32.0], [8.0, 5.0, 40.0, 3.0, 45.0, 11.0, 6.0, 0.0, 29.0, 1.0, 1.0, 2.0, 20.0, 86.0, 0.0, 27.0, 4.0, 4.0, 22.0, 6.0, 353.0, 23.0, 50.0, 23.0, 6.0, 23.0, 7.0, 192.0, 24.0, 245.0, 49.0, 93.0, 3.0, 43.0, 4.0, 3.0, 5.0, 10.0, 295.0, 9.0], [453.0, 1262.0, 1215.0, 5.0, 6469.0, 448.0, 230.0, 29.0, 0.0, 161.0, 91.0, 37.0, 1574.0, 12999.0, 10.0, 2405.0, 726.0, 1274.0, 1041.0, 309.0, 13692.0, 3322.0, 5576.0, 260.0, 422.0, 1136.0, 209.0, 3878.0, 664.0, 3202.0, 298.0, 6699.0, 59.0, 609.0, 176.0, 163.0, 184.0, 224.0, 132.0, 290.0], [5.0, 22.0, 54.0, 7.0, 1223.0, 70.0, 198.0, 1.0, 161.0, 0.0, 161.0, 1.0, 199.0, 99.0, 0.0, 37.0, 43.0, 21.0, 96.0, 85.0, 658.0, 127.0, 102.0, 25.0, 77.0, 73.0, 107.0, 2153.0, 58.0, 173.0, 33.0, 223.0, 3.0, 70.0, 5.0, 21.0, 3.0, 12.0, 7.0, 4.0], [2.0, 11.0, 64.0, 2.0, 279.0, 16.0, 324.0, 1.0, 91.0, 161.0, 0.0, 2.0, 108.0, 100.0, 2.0, 29.0, 28.0, 13.0, 27.0, 18.0, 300.0, 40.0, 170.0, 18.0, 16.0, 41.0, 170.0, 2466.0, 34.0, 135.0, 11.0, 89.0, 3.0, 45.0, 1.0, 8.0, 1.0, 9.0, 5.0, 4.0], [4.0, 4.0, 22.0, 0.0, 131.0, 11.0, 36.0, 2.0, 37.0, 1.0, 2.0, 0.0, 14.0, 1007.0, 1.0, 244.0, 14.0, 11.0, 45.0, 9.0, 569.0, 101.0, 422.0, 6.0, 30.0, 70.0, 8.0, 211.0, 190.0, 201.0, 21.0, 453.0, 2.0, 16.0, 12.0, 3.0, 2.0, 21.0, 6.0, 27.0], [70.0, 127.0, 88.0, 70.0, 8364.0, 317.0, 102.0, 20.0, 1574.0, 199.0, 108.0, 14.0, 0.0, 1163.0, 1.0, 357.0, 473.0, 99.0, 863.0, 149.0, 4337.0, 550.0, 1394.0, 89.0, 601.0, 375.0, 48.0, 2655.0, 288.0, 480.0, 81.0, 2241.0, 7.0, 149.0, 31.0, 62.0, 27.0, 60.0, 45.0, 31.0], [338.0, 5592.0, 1187.0, 2548.0, 7629.0, 748.0, 452.0, 86.0, 12999.0, 99.0, 100.0, 1007.0, 1163.0, 0.0, 2067.0, 10057.0, 1363.0, 606.0, 2935.0, 412.0, 35135.0, 5956.0, 14121.0, 552.0, 1171.0, 4366.0, 278.0, 5951.0, 4020.0, 5768.0, 760.0, 16578.0, 256.0, 906.0, 669.0, 354.0, 194.0, 528.0, 298.0, 645.0], [1.0, 245.0, 1.0, 0.0, 9.0, 1.0, 6.0, 0.0, 10.0, 0.0, 2.0, 1.0, 1.0, 2067.0, 0.0, 200.0, 17.0, 11.0, 12.0, 5.0, 19.0, 7.0, 15.0, 1.0, 10.0, 6.0, 0.0, 6.0, 5.0, 5.0, 1.0, 70.0, 0.0, 0.0, 11.0, 1.0, 0.0, 1.0, 0.0, 0.0], [32.0, 7129.0, 157.0, 213.0, 1756.0, 156.0, 62.0, 27.0, 2405.0, 37.0, 29.0, 244.0, 357.0, 10057.0, 200.0, 0.0, 355.0, 247.0, 549.0, 116.0, 10349.0, 1306.0, 3446.0, 163.0, 292.0, 1238.0, 42.0, 1192.0, 1181.0, 1005.0, 189.0, 7261.0, 74.0, 270.0, 45.0, 109.0, 49.0, 133.0, 45.0, 176.0], [120.0, 431.0, 44.0, 60.0, 4378.0, 151.0, 35.0, 4.0, 726.0, 43.0, 28.0, 14.0, 473.0, 1363.0, 17.0, 355.0, 0.0, 94.0, 1176.0, 215.0, 1575.0, 405.0, 640.0, 46.0, 285.0, 401.0, 57.0, 673.0, 278.0, 168.0, 52.0, 815.0, 10.0, 83.0, 12.0, 64.0, 10.0, 49.0, 4.0, 48.0], [24.0, 93.0, 21.0, 77.0, 1341.0, 42.0, 21.0, 4.0, 1274.0, 21.0, 13.0, 11.0, 99.0, 606.0, 11.0, 247.0, 94.0, 0.0, 238.0, 44.0, 1603.0, 854.0, 867.0, 42.0, 116.0, 265.0, 12.0, 271.0, 37.0, 144.0, 30.0, 405.0, 6.0, 44.0, 31.0, 43.0, 16.0, 8.0, 17.0, 18.0], [643.0, 287.0, 53.0, 78.0, 8888.0, 334.0, 62.0, 22.0, 1041.0, 96.0, 27.0, 45.0, 863.0, 2935.0, 12.0, 549.0, 1176.0, 238.0, 0.0, 1324.0, 4700.0, 511.0, 2283.0, 153.0, 440.0, 1386.0, 59.0, 1492.0, 200.0, 379.0, 68.0, 2329.0, 19.0, 123.0, 67.0, 78.0, 35.0, 91.0, 19.0, 124.0], [53.0, 60.0, 17.0, 43.0, 1811.0, 184.0, 27.0, 6.0, 309.0, 85.0, 18.0, 9.0, 149.0, 412.0, 5.0, 116.0, 215.0, 44.0, 1324.0, 0.0, 2394.0, 687.0, 564.0, 47.0, 434.0, 278.0, 33.0, 694.0, 112.0, 195.0, 46.0, 928.0, 9.0, 39.0, 11.0, 28.0, 11.0, 64.0, 14.0, 39.0], [6072.0, 4581.0, 3674.0, 3218.0, 20036.0, 1521.0, 1627.0, 353.0, 13692.0, 658.0, 300.0, 569.0, 4337.0, 35135.0, 19.0, 10349.0, 1575.0, 1603.0, 4700.0, 2394.0, 0.0, 19094.0, 35119.0, 3903.0, 2286.0, 15716.0, 874.0, 21423.0, 12004.0, 27342.0, 11502.0, 51341.0, 2910.0, 2735.0, 960.0, 5421.0, 2737.0, 3628.0, 801.0, 6811.0], [247.0, 694.0, 320.0, 259.0, 4690.0, 370.0, 251.0, 23.0, 3322.0, 127.0, 40.0, 101.0, 550.0, 5956.0, 7.0, 1306.0, 405.0, 854.0, 511.0, 687.0, 19094.0, 0.0, 7284.0, 234.0, 454.0, 644.0, 70.0, 3102.0, 143.0, 1562.0, 295.0, 7180.0, 87.0, 232.0, 180.0, 850.0, 54.0, 58.0, 62.0, 424.0], [37.0, 2573.0, 547.0, 1616.0, 6194.0, 418.0, 242.0, 50.0, 5576.0, 102.0, 170.0, 422.0, 1394.0, 14121.0, 15.0, 3446.0, 640.0, 867.0, 2283.0, 564.0, 35119.0, 7284.0, 0.0, 289.0, 548.0, 2123.0, 144.0, 5023.0, 5195.0, 3512.0, 663.0, 10419.0, 321.0, 426.0, 142.0, 799.0, 817.0, 1198.0, 157.0, 1329.0], [35.0, 63.0, 738.0, 38.0, 374.0, 45.0, 101.0, 23.0, 260.0, 25.0, 18.0, 6.0, 89.0, 552.0, 1.0, 163.0, 46.0, 42.0, 153.0, 47.0, 3903.0, 234.0, 289.0, 0.0, 74.0, 166.0, 53.0, 1417.0, 208.0, 1656.0, 199.0, 579.0, 47.0, 415.0, 14.0, 49.0, 39.0, 62.0, 58.0, 79.0], [95.0, 112.0, 53.0, 72.0, 6071.0, 58.0, 57.0, 6.0, 422.0, 77.0, 16.0, 30.0, 601.0, 1171.0, 10.0, 292.0, 285.0, 116.0, 440.0, 434.0, 2286.0, 454.0, 548.0, 74.0, 0.0, 440.0, 37.0, 764.0, 339.0, 265.0, 79.0, 968.0, 26.0, 115.0, 20.0, 48.0, 21.0, 91.0, 18.0, 45.0], [14.0, 409.0, 267.0, 330.0, 3087.0, 295.0, 111.0, 23.0, 1136.0, 73.0, 41.0, 70.0, 375.0, 4366.0, 6.0, 1238.0, 401.0, 265.0, 1386.0, 278.0, 15716.0, 644.0, 2123.0, 166.0, 440.0, 0.0, 73.0, 2116.0, 343.0, 1469.0, 421.0, 4198.0, 86.0, 237.0, 102.0, 443.0, 45.0, 49.0, 67.0, 235.0], [25.0, 26.0, 147.0, 4.0, 512.0, 28.0, 440.0, 7.0, 209.0, 107.0, 170.0, 8.0, 48.0, 278.0, 0.0, 42.0, 57.0, 12.0, 59.0, 33.0, 874.0, 70.0, 144.0, 53.0, 37.0, 73.0, 0.0, 5627.0, 57.0, 385.0, 49.0, 224.0, 7.0, 154.0, 9.0, 26.0, 8.0, 5.0, 17.0, 14.0], [122.0, 482.0, 5421.0, 134.0, 11688.0, 589.0, 9755.0, 192.0, 3878.0, 2153.0, 2466.0, 211.0, 2655.0, 5951.0, 6.0, 1192.0, 673.0, 271.0, 1492.0, 694.0, 21423.0, 3102.0, 5023.0, 1417.0, 764.0, 2116.0, 5627.0, 0.0, 2664.0, 11557.0, 1336.0, 6479.0, 97.0, 7261.0, 80.0, 338.0, 134.0, 340.0, 471.0, 419.0], [228.0, 420.0, 463.0, 265.0, 2727.0, 208.0, 129.0, 24.0, 664.0, 58.0, 34.0, 190.0, 288.0, 4020.0, 5.0, 1181.0, 278.0, 37.0, 200.0, 112.0, 12004.0, 143.0, 5195.0, 208.0, 339.0, 343.0, 57.0, 2664.0, 0.0, 1273.0, 352.0, 3566.0, 86.0, 216.0, 128.0, 149.0, 30.0, 0.0, 56.0, 172.0], [362.0, 535.0, 6390.0, 246.0, 2243.0, 174.0, 870.0, 245.0, 3202.0, 173.0, 135.0, 201.0, 480.0, 5768.0, 5.0, 1005.0, 168.0, 144.0, 379.0, 195.0, 27342.0, 1562.0, 3512.0, 1656.0, 265.0, 1469.0, 385.0, 11557.0, 1273.0, 0.0, 3149.0, 5615.0, 289.0, 2464.0, 55.0, 294.0, 203.0, 408.0, 725.0, 687.0], [170.0, 115.0, 168.0, 94.0, 574.0, 57.0, 97.0, 49.0, 298.0, 33.0, 11.0, 21.0, 81.0, 760.0, 1.0, 189.0, 52.0, 30.0, 68.0, 46.0, 11502.0, 295.0, 663.0, 199.0, 79.0, 421.0, 49.0, 1336.0, 352.0, 3149.0, 0.0, 1185.0, 82.0, 93.0, 18.0, 72.0, 61.0, 201.0, 77.0, 188.0], [1084.0, 3323.0, 634.0, 985.0, 8857.0, 963.0, 364.0, 93.0, 6699.0, 223.0, 89.0, 453.0, 2241.0, 16578.0, 70.0, 7261.0, 815.0, 405.0, 2329.0, 928.0, 51341.0, 7180.0, 10419.0, 579.0, 968.0, 4198.0, 224.0, 6479.0, 3566.0, 5615.0, 1185.0, 0.0, 428.0, 734.0, 959.0, 1256.0, 311.0, 736.0, 257.0, 1853.0], [36.0, 39.0, 16.0, 13.0, 103.0, 17.0, 8.0, 3.0, 59.0, 3.0, 3.0, 2.0, 7.0, 256.0, 0.0, 74.0, 10.0, 6.0, 19.0, 9.0, 2910.0, 87.0, 321.0, 47.0, 26.0, 86.0, 7.0, 97.0, 86.0, 289.0, 82.0, 428.0, 0.0, 11.0, 24.0, 22.0, 19.0, 23.0, 11.0, 42.0], [37.0, 114.0, 3396.0, 36.0, 627.0, 70.0, 1525.0, 43.0, 609.0, 70.0, 45.0, 16.0, 149.0, 906.0, 0.0, 270.0, 83.0, 44.0, 123.0, 39.0, 2735.0, 232.0, 426.0, 415.0, 115.0, 237.0, 154.0, 7261.0, 216.0, 2464.0, 93.0, 734.0, 11.0, 0.0, 7.0, 32.0, 25.0, 46.0, 121.0, 57.0], [1.0, 375.0, 10.0, 114.0, 160.0, 12.0, 3.0, 4.0, 176.0, 5.0, 1.0, 12.0, 31.0, 669.0, 11.0, 45.0, 12.0, 31.0, 67.0, 11.0, 960.0, 180.0, 142.0, 14.0, 20.0, 102.0, 9.0, 80.0, 128.0, 55.0, 18.0, 959.0, 24.0, 7.0, 0.0, 28.0, 8.0, 16.0, 3.0, 22.0], [100.0, 151.0, 62.0, 28.0, 586.0, 26.0, 26.0, 3.0, 163.0, 21.0, 8.0, 3.0, 62.0, 354.0, 1.0, 109.0, 64.0, 43.0, 78.0, 28.0, 5421.0, 850.0, 799.0, 49.0, 48.0, 443.0, 26.0, 338.0, 149.0, 294.0, 72.0, 1256.0, 22.0, 32.0, 28.0, 0.0, 20.0, 238.0, 14.0, 88.0], [4.0, 19.0, 29.0, 35.0, 178.0, 6.0, 8.0, 5.0, 184.0, 3.0, 1.0, 2.0, 27.0, 194.0, 0.0, 49.0, 10.0, 16.0, 35.0, 11.0, 2737.0, 54.0, 817.0, 39.0, 21.0, 45.0, 8.0, 134.0, 30.0, 203.0, 61.0, 311.0, 19.0, 25.0, 8.0, 20.0, 0.0, 6.0, 11.0, 5.0], [8.0, 151.0, 47.0, 104.0, 567.0, 65.0, 27.0, 10.0, 224.0, 12.0, 9.0, 21.0, 60.0, 528.0, 1.0, 133.0, 49.0, 8.0, 91.0, 64.0, 3628.0, 58.0, 1198.0, 62.0, 91.0, 49.0, 5.0, 340.0, 0.0, 408.0, 201.0, 736.0, 23.0, 46.0, 16.0, 238.0, 6.0, 0.0, 27.0, 3.0], [33.0, 19.0, 131.0, 9.0, 128.0, 27.0, 33.0, 295.0, 132.0, 7.0, 5.0, 6.0, 45.0, 298.0, 0.0, 45.0, 4.0, 17.0, 19.0, 14.0, 801.0, 62.0, 157.0, 58.0, 18.0, 67.0, 17.0, 471.0, 56.0, 725.0, 77.0, 257.0, 11.0, 121.0, 3.0, 14.0, 11.0, 27.0, 0.0, 29.0], [51.0, 162.0, 52.0, 53.0, 427.0, 34.0, 32.0, 9.0, 290.0, 4.0, 4.0, 27.0, 31.0, 645.0, 0.0, 176.0, 48.0, 18.0, 124.0, 39.0, 6811.0, 424.0, 1329.0, 79.0, 45.0, 235.0, 14.0, 419.0, 172.0, 687.0, 188.0, 1853.0, 42.0, 57.0, 22.0, 88.0, 5.0, 3.0, 29.0, 0.0]]